6 53 94 170 175 197 204 711 980 1065 1636 1638 2411 2412 2812 2952 2969 3002 3010 3056 3057 4557 4686 4795 4809 4863 5377 5474 6137 6138 6153 6258 6419 6781 6782 6783 6991 7762 9071 9072 10348 12864 12865 12866 12867 12868 12869 12874 12875 13102 14214 14561 15492 16238 18104 21358 21462 21463 24459
6 44 70 71 94 170 324 327 1160 1162 1572 1616 1617 1825 2379 2411 2517 2518 2604 2628 2629 2812 3010 3065 4557 4605 4610 4620 4739 4747 4748 4774 4819 4820 4821 4863 4901 4902 4945 4946 4958 5090 5121 5514 5516 5599 5705 5706 5724 5725 5752 5759 5777 5781 5807 5860 5908 5934 6419 6655 7724 8241 8242 8854 10329 10511 11416 12390 12391 12395 12396 13179 13745 14742 18104 19597 20181 21358 25726 25727 30563 30564
6 170 1141 1245 1394 1540 1708 2023 2027 2058 2069 2161 4557 4558 6078 7864 7989 8044
6 53 94 107 280 325 326 639 645 853 912 1470 1563 1564 1572 1616 1617 2379 2411 2517 2518 2812 3010 4901 4902 4903 5090 5119 5120 5121 5123 5318 5319 5337 5397 5445 5446 5447 5860 5934 8241 8242 8854 12380 21358 21996
6 53 94 372 1572 1953 1958 3010 3065 3076 3612 3613 3722 4902 4933 5014 5028 5036 5059 5060 5068 5118 5633 5828 5860 5930 7579 7888 7890 10454 11429 11430 18071 21730
6 94 170 197 361 423 649 796 799 808 1102 2999 4557 4605 4819 4820 4821 5377 10329 10348 13889 18015
170 296 708 709 711 4557 4609 4610 4863 7762 13745 18104
6 17 53 94 99 170 206 280 325 326 601 602 639 912 1245 1563 1564 1572 3010 3065 3076 3138 3747 4557 4686 4901 4902 4903 5119 5120 5121 5318 5319 5346 5860 5934 6078 6094 6911 13542
6 94 170 1102 3010 4307 4364 4557 4605 4820 5938 5939 5981 10329 14620
6 53 94 170 175 178 182 183 372 439 524 527 701 980 1026 1252 1521 1572 1636 1665 2307 2310 2411 2812 2968 2969 2970 2971 3010 3888 4211 4220 4226 4516 4557 4605 4610 4686 4728 4739 4747 4748 4752 4863 5377 5429 5670 5860 5930 5938 5939 5989 5991 5993 6023 6025 6027 6028 6038 6052 6057 6114 6287 6419 6915 7579 8887 8946 9388 9405 9407 9509 9510 9511 9512 9513 9755 10348 10454 10473 10901 12341 12344 12352 12581 12753 12778 13331 13744 13745 13964 14059 14094 14486 14620 15450 16600 18071 18104 18314 19869 21358 22798 23471 25703
6 87 94 170 175 178 197 237 386 814 953 1572 3010 3065 3216 3403 3404 3405 3406 4307 4309 4311 4356 4364 4557 4605 4610 4614 4687 4690 4692 4705 4748 4820 4863 5042 5043 5097 5110 5114 5377 5860 5938 5939 5940 5942 5981 7122 7135 7136 7580 7581 7794 8151 8643 8666 8768 10306 10329 10348 10688 12978 13745 14620 17758 18104 26549
6 53 67 70 71 94 170 324 327 346 415 711 912 1563 1564 1572 1825 1994 2491 2604 3010 3042 3043 4557 4863 4901 4902 4903 5116 5121 5318 5320 5482 5534 5599 5807 5860 5934 6808 7762 18104
6 44 53 58 94 170 371 372 839 846 1572 1945 1953 1956 2604 2629 3010 3065 4557 4686 4901 4902 4933 5014 5028 5060 5516 5599 5705 5706 5807 5860 7442 10350 10454 10511 18071
6 94 170 361 423 649 796 1102 2999 4557 4605 4819 4820 4821 10329 13889 18015
6 44 94 170 347 1572 2604 3010 3065 3456 3494 4557 4686 4900 4901 4902 4919 4945 4946 4947 4958 4975 5514 5516 5527 5531 5599 5705 5706 5724 5725 5751 5807 5860 5908 7332 7717 7719 7720 7721 7724 10709 16710
6 71 87 94 138 170 175 178 325 326 327 357 386 1279 1281 1572 1825 2604 3010 3216 4307 4308 4309 4310 4311 4324 4356 4364 4557 4605 4610 4820 4863 4901 4902 4933 4945 4946 4947 4958 4964 4975 5108 5119 5120 5121 5130 5157 5158 5159 5160 5161 5170 5206 5599 5712 5807 5860 5884 5885 5886 5908 5934 5938 5939 5940 5942 5981 7122 7215 7616 7633 7634 7636 7637 7642 7645 7678 7680 7684 7738 7912 7919 7945 7946 7973 8643 8768 9877 9880 10305 10306 10307 10329 12978 13551 13745 14620 14734 15514 18104 19879 26549
6 53 170 237 372 1102 3010 3065 3209 3210 3212 4515 4516 4557 4605 5043 5860 6834 6835 10454 18071 20455 21688 21689 21692
6 53 67 70 71 94 170 175 324 327 346 415 416 711 912 1563 1564 1572 1825 1994 2491 2604 3010 3042 3043 4557 4653 4863 4901 4902 4903 5116 5121 5318 5320 5482 5534 5599 5807 5860 5934 6808 7762 10262 18104
6 53 70 71 94 113 170 230 231 232 278 324 325 326 327 346 476 482 706 763 912 1097 1563 1564 1572 1825 1953 1994 2491 2604 3010 3065 3077 3994 3995 3998 4529 4530 4531 4557 4686 4901 4902 4903 4933 5014 5060 5116 5119 5120 5121 5318 5319 5320 5426 5427 5448 5449 5453 5482 5534 5599 5807 5860 5934 8564 10844 14230 17983 18071
6 53 60 94 170 204 293 386 1102 2684 3010 4307 4364 4438 4440 4471 4557 4605 4820 4844 5938 5939 5940 5942 5981 5983 5993 7098 7124 7206 7207 9819 9891 10119 10329 10528 14620 16309
3010 3065 3076 3262 3263 10727
6 53 67 70 71 94 170 324 327 346 415 711 912 1563 1564 1572 1825 1994 2491 2604 3010 3042 3043 4557 4610 4863 4901 4902 4903 5116 5121 5318 5320 5482 5534 5599 5807 5860 5934 6808 7762 7912 7919 13745 18104
53 170 372 2633 3010 3051 3052 3053 3065 3861 4518 4557 4605 4610 4715 4739 4746 4747 4748 4820 4863 10329 10454 13739 13745 13747 18071 18104
6 44 53 67 94 138 170 204 212 230 231 232 252 299 325 326 327 346 372 391 476 478 482 492 671 706 763 852 857 912 948 976 977 1070 1071 1097 1141 1279 1281 1328 1543 1545 1563 1564 1572 1599 1615 1616 1620 1625 1665 1694 1695 1696 1697 1698 1699 1708 1825 1863 2058 2161 2326 2328 2411 2412 2413 2442 2444 2467 2469 2504 2541 2542 2543 2604 2812 3009 3010 3012 3036 3037 3043 3051 3054 3065 3076 3159 3170 3225 3263 3310 3459 3460 3462 3476 3477 3677 3678 3679 4529 4530 4531 4557 4558 4605 4820 4901 4902 4903 5119 5120 5121 5318 5319 5361 5377 5408 5409 5414 5533 5534 5599 5807 5860 5934 6077 6078 6251 6258 6858 6859 6894 6895 6924 6981 7215 7864 7904 8236 8242 8246 8247 8249 8327 8564 8569 8610 8780 8887 8920 8923 9419 10329 10338 10348 10454 10511 10625 10727 10731 10844 11298 11306 11308 11309 11312 11313 11322 11323 11324 11325 11331 11339 11344 11345 11347 11360 11861 11863 11866 11886 12598 12599 12765 12766 12767 13975 14092 14230 14993 14994 14997 15270 15271 15280 16318 16403 16477 16545 16575 16592 16761 16825 16973 16990 17201 17202 17203 17204 17205 17206 17208 17211 17212 17213 17222 17223 17227 17228 17229 17230 17231 17254 17266 17267 17268 17320 17325 17330 17352 17428 17848 17865 18071 18546 18580 18628 18630 18672 18743 18802 18949 21358 21963 21984 21988 21989 22281 22582 25357 25358 27340
170 4557 4558
6 53 94 170 175 305 325 326 474 476 478 487 488 492 912 953 954 1563 1564 1572 3010 4557 4609 4610 4652 4653 4863 4901 4902 4903 5119 5120 5121 5319 5377 5414 5860 5934 6057 10348 12226 13745 18104 24399 24400
6 94 170 183 327 332 349 439 980 1024 1102 1319 1572 1874 1875 1876 1877 2411 2412 2413 2812 3010 3051 3065 3076 3613 3722 4557 4605 4724 4728 4748 4844 4863 4901 4902 4903 5116 5318 5361 5480 5490 5519 5524 5534 5541 5633 5860 5934 6258 6924 7070 7071 7579 7761 8365 8946 9604 9605 12308 12594 13331 13495 13744 13745 14254 14486 14487 14718 16283 17485 18086 18087 18088 18104 19127 21358 21364 22283 23007 25846 25847 26642 26643 29155 29156 29241 29243
6 51 53 73 94 113 231 327 332 763 1563 1564 1572 1953 3010 3065 3076 4509 4901 4902 4933 5014 5028 5060 5633 5860 5934 7225 7226 7579 7785 7787 11233 12386 12387 18071
6 94 170 197 361 423 649 796 799 807 808 2999 4557 4686 5377 10348 18015
6 53 73 94 113 119 136 170 324 325 326 327 330 331 332 372 841 1276 1285 1572 1953 1958 3010 3065 3076 3300 4515 4516 4557 4686 4901 4902 4933 5014 5028 5060 5083 5120 5121 5242 5552 5573 5586 5587 5588 5628 5633 5860 5930 5934 6915 7226 7579 7583 10273 10351 10454 11647 11648 11649 18071 21184
6 53 94 170 230 231 232 371 372 391 763 1097 1562 1563 1564 1565 3010 3054 3065 3076 3184 3263 4531 4532 4533 4534 4557 4686 8564 8758 10348 10454 10727 10844 11300 12223 14227 14230 17520 18071
6 94 170 175 178 1572 4557 4605 4610 4820 4863 5860 7912 7919 7931 7933 7945 7946 7948 7973 10304 10329 13551 13745 15514 18104
6 44 53 94 138 231 280 325 326 346 476 482 908 911 912 948 977 1097 1279 1281 1562 1563 1564 1572 1825 2604 3010 3065 3159 3170 4901 4902 4903 5119 5120 5121 5318 5319 5320 5599 5807 5860 5934 7215 10511 14227 15280
170 3010 3043 4302 4557 4558 4588 7930
6 53 170 204 1245 3010 4557 4686 6078 6089 6090 8019
6 53 67 94 170 175 230 231 232 239 280 325 326 372 391 476 478 482 579 581 650 706 763 912 1097 1141 1245 1394 1563 1564 1572 1708 2023 2027 2058 2071 2161 2326 2359 2411 2467 2469 2541 3010 3012 3054 3065 3076 3263 3462 3721 3722 3723 3725 3728 3729 3730 4529 4530 4531 4557 4609 4610 4653 4686 4863 4901 4902 4903 5119 5120 5121 5319 5860 5934 6078 7864 7983 7992 8564 8569 8610 8670 9023 10454 10565 10566 10727 10746 10844 13044 13745 14230 17246 18071 18104 21358
6 170 1245 2023 3010 4211 4342 4557 4558 6078 6878 6879 7863 7864 10481 10846 11807 16477 26059
6 53 94 107 156 170 204 280 853 912 1060 1150 1154 1303 1470 1473 1484 1563 1564 1616 1617 1619 1621 1977 2379 2380 2411 2412 2517 2520 2637 2812 3010 4557 4609 4610 4863 5090 5123 5337 5397 6258 6616 6617 6717 6852 8241 8242 8243 8244 8854 9374 9381 13745 14683 17865 18104 19470 21358 21996 29094
6 53 70 71 94 113 170 230 231 232 278 324 325 326 327 346 476 482 706 763 912 1097 1563 1564 1572 1825 1953 1994 2491 2604 3010 3065 3077 3994 3995 3998 4529 4530 4531 4557 4686 4901 4902 4903 4933 5014 5060 5116 5119 5120 5121 5318 5319 5320 5426 5427 5448 5449 5453 5482 5534 5599 5807 5860 5934 8564 10844 14230 17983 18071
6 53 60 87 94 170 230 231 232 294 386 706 763 1097 1102 1563 1564 3010 4307 4309 4311 4356 4358 4364 4466 4467 4470 4529 4530 4531 4557 4605 4819 4820 4821 5938 5939 5940 5941 5942 5981 7098 7122 7150 8042 8564 8643 8763 8768 9937 10329 10844 12978 14230 14620 18071 24881 26549
6 13 44 53 71 94 114 117 138 325 326 327 371 372 1279 1281 1572 1825 1956 2604 3010 3065 3968 4902 4933 4945 4946 4958 5120 5121 5236 5264 5599 5807 5860 5894 5895 5902 5903 5908 5934 7599 7605 7690 7691 7692 7693 10454 18071
6 70 71 94 170 324 327 346 415 711 1572 1825 1994 2491 2604 3010 3042 3043 4557 4863 4901 4902 4903 5116 5121 5318 5320 5482 5534 5599 5807 5860 5934 7762 18104
53 372 3010 3065 3076 10454 18071
6 53 87 94 170 237 372 386 1572 3010 3065 3216 3403 3404 3405 3406 4307 4309 4311 4356 4364 4516 4517 4557 4605 4610 4614 4687 4690 4692 4696 4748 4820 4863 5042 5043 5860 5938 5939 5940 5942 5981 7122 8151 8643 8768 10306 10329 10454 10688 12978 13745 14620 18071 18104 26549
6 53 66 67 70 71 94 113 170 230 231 232 278 324 325 326 327 346 372 476 482 706 763 912 1097 1563 1564 1572 1825 1953 1994 2491 2604 3010 3065 3077 3994 3995 4001 4516 4529 4530 4531 4557 4686 4901 4902 4903 4933 5014 5060 5116 5119 5120 5121 5318 5319 5320 5426 5427 5448 5449 5455 5482 5534 5599 5807 5860 5934 6915 8564 10454 10844 14230 17983 18071
6 53 170 237 326 372 1141 1147 1148 1563 1564 1708 2058 2161 3010 3065 3695 4515 4516 4557 4605 4610 4739 4747 4748 4863 4901 4902 5043 5507 5705 5790 5860 6078 7010 7287 7864 7989 10423 10454 11888 13745 16216 18071 18104 21309 23951
6 53 94 204 230 231 232 706 763 1097 1563 1564 3010 4529 4530 4531 5477 8564 10844 14230 18071 21492
6 53 94 280 346 912 1030 1563 1564 1572 2604 3010 3027 4902 4903 5318 5320 5599 5807 5860
6 53 67 94 170 325 326 474 476 478 492 912 1563 1564 1572 3010 4557 4610 4863 4901 4902 4903 5119 5120 5121 5319 5404 5414 5419 5426 5427 5860 5934 7912 7919 13745 18104
6 53 71 94 170 185 230 231 232 237 327 342 343 346 361 763 1065 1563 1564 1572 1879 2411 2604 2999 3010 3065 3537 4557 4686 4902 4903 4947 4973 4974 4975 4976 5043 5318 5320 5377 5599 5807 5860 5934 6404 6989 6990 7316 7726 7727 8029 8810 10348 12218 17694 18071 18595 21319 21358 24972
6 53 67 170 912 1563 1564 1599 3010 3043 4557 4605 7864 8236 10338 11298 11306 11308 11358 11359 11866 12599 14993 14994 16544 16545 17321 17362 17428 19799 19801 22281
6 44 53 94 138 280 325 326 346 371 372 476 482 908 911 912 948 977 1279 1281 1563 1564 1572 1825 2604 3010 3065 3159 3170 4516 4901 4902 4903 5119 5120 5121 5318 5319 5320 5599 5807 5860 5934 6915 7215 10454 10511 15280 18071
6 94 170 211 325 326 476 478 576 650 862 865 1572 3010 3065 3076 3721 3722 4557 4686 4901 4902 4903 5119 5120 5121 5319 5403 5404 5427 5860 5934 8758 10348 12223 17520
6 4557
6 53 170 371 372 2633 3010 3065 3204 3861 4557 4686 4900 4901 4902 4932 4933 4935 5860 7572 10454 17819 18071
6 94 170 1102 4557 4605 4820 5938 5939 5981 10329 14620
6 21 71 73 94 113 116 139 175 327 839 1572 1953 1956 2604 3010 3065 3108 3116 3513 4557 4901 4902 4933 5014 5060 5590 5592 5599 5807 5860 5934 7584 7596 7790 10350 10733
6 53 70 71 94 286 324 327 346 372 1024 1572 1825 1994 2491 2604 3010 3065 3076 4901 4902 4903 5116 5121 5318 5320 5361 5480 5482 5492 5534 5599 5807 5860 5934 7226 10454 10931 10968 15579 17717 18071
6 71 94 138 325 326 327 1279 1281 1368 1572 1825 2604 3010 3065 3171 3513 3787 4901 4902 4933 4945 4946 4947 4958 4964 4975 5119 5120 5121 5129 5158 5160 5235 5236 5237 5238 5262 5263 5264 5265 5266 5267 5268 5599 5807 5860 5884 5885 5908 5934 7215 7608 7614 7615 7616 7622 7623 7642 7645 7649 7650 7662 7688 7738 18659
6 53 94 170 204 361 701 711 817 1026 1252 1780 2307 2310 2999 3010 3888 4210 4211 4216 4220 4226 4557 4609 4610 4686 4764 4774 4795 4863 5429 5670 5938 5939 5989 5991 5993 6023 6025 6034 6287 7762 8887 9388 9405 9407 9755 10439 10808 10870 12778 13745 14094 14620 15450 15642 18104 18314 19869 21358 26014
6 21 53 94 170 175 206 325 326 330 331 349 639 650 660 912 1563 1564 1572 3010 3065 3076 3721 3722 3724 3732 3734 4557 4686 4901 4902 4903 5119 5120 5121 5242 5318 5319 5367 5368 5628 5633 5860 5930 5934 6937 7403 7579 7792 10722
6 94 326 839 1279 1281 1572 1824 1945 1953 1956 2604 2633 3010 3065 3378 3379 3513 4902 4933 5014 5028 5036 5060 5083 5120 5599 5635 5650 5804 5807 5860 7877 8067 8068 8069 10350 10733 10794 10795
6 53 107 170 280 853 912 1470 1563 1564 1616 1617 2379 2411 2517 2812 3010 4557 4686 5090 5123 5337 5397 8241 8242 8854 21358 21996
6 44 53 94 170 204 213 214 215 217 220 221 229 230 231 232 277 325 327 372 396 706 763 771 941 1024 1035 1065 1097 1141 1144 1150 1245 1471 1563 1564 1572 1708 1763 1768 1796 1954 1957 1965 2023 2027 2056 2057 2058 2161 2384 2411 2604 2606 2637 2694 2812 2999 3010 3051 3065 3318 3864 4529 4530 4531 4557 4605 4610 4739 4747 4748 4820 4863 4901 4902 4903 4945 4955 4958 4989 5116 5120 5318 5361 5377 5429 5480 5534 5807 5840 5860 5934 6078 6089 6090 6094 6404 6644 6940 7741 7785 7864 7867 7975 7989 7995 8019 8029 8044 8059 8101 8102 8103 8104 8107 8108 8109 8110 8123 8124 8197 8215 8230 8394 8455 8493 8564 10329 10348 10454 10511 10844 10913 10968 10978 12218 13542 13745 14230 14620 17168 17694 17826 17863 18071 18104 19869 21321 21358 21796 21797 22014 22018 22020 22021 22022 22023
6 17 19 53 94 99 170 175 206 325 326 372 639 645 650 1245 1572 3010 3065 3076 3721 3722 3723 3724 3736 4557 4609 4610 4863 4901 4902 4903 5119 5120 5121 5318 5319 5860 5934 6078 6094 10454 10746 10866 10867 13542 13745 14930 18071 18104
6 170 3010 4211 4342 4557 4558 6878 6879 7863 7864 10481 16477 26059
6 53 67 70 71 94 170 324 327 346 415 711 912 1563 1564 1572 1825 1994 2491 2604 3010 3042 3043 4557 4863 4901 4902 4903 5116 5121 5318 5320 5482 5534 5599 5807 5860 5934 6808 7762 18104
6 44 53 71 73 94 113 116 139 327 372 839 1572 1953 1956 2604 3010 3065 3103 3606 4901 4902 4933 5014 5060 5558 5560 5594 5599 5807 5860 5934 7585 10350 10454 10709 11816 18071
6 94 170 344 345 346 347 1102 1572 2604 4557 4605 4819 4820 4821 4900 4901 4902 4903 4920 4947 4971 4975 5049 5318 5320 5599 5807 5860 7601 7722 7723 10329
6 94 170 175 178 1572 1616 1870 2411 2812 4557 4605 4820 5860 7931 7933 7948 7973 8242 8480 10304 10329 13551 15514 17695 17696 21358
6 53 58 71 75 94 101 111 127 170 204 230 231 232 327 396 941 1035 1040 1043 1045 1060 1064 1065 1102 1168 1169 1245 1261 1471 1477 1563 1564 1572 1616 1617 1621 1623 1625 1644 1645 1646 1650 1651 1652 1732 1865 1953 1965 2057 2273 2411 2412 2413 2484 2517 2520 2523 2604 2640 2645 2812 2891 3010 3065 3077 3247 3248 3662 3663 4307 4309 4311 4362 4364 4397 4401 4409 4410 4426 4557 4605 4610 4614 4686 4687 4690 4692 4739 4748 4819 4820 4821 4837 4838 4844 4863 4901 4902 4933 4945 4946 4958 5014 5028 5060 5090 5124 5447 5485 5514 5516 5528 5530 5599 5625 5705 5706 5718 5725 5726 5727 5728 5731 5735 5736 5737 5738 5739 5740 5742 5743 5807 5860 5908 5934 5938 5939 5940 5945 5955 5965 5976 5978 5981 5989 5991 5993 6078 6090 6258 6287 6655 6924 7106 7119 7205 7741 7868 8101 8103 8241 8242 8243 8244 8245 8246 8489 8551 8588 8625 8643 8730 8734 8769 8798 8854 8887 8958 8963 8977 8978 8979 9315 9316 9317 9318 9375 9388 9403 9508 9809 9864 10084 10205 10231 10232 10237 10253 10254 10329 11416 11418 12380 13322 13503 13506 13730 13745 13808 13809 13985 14094 14188 14465 14466 14546 14620 14757 14774 15003 15004 15006 16060 16210 17863 18037 18104 18315 18816 18972 19010 19064 19428 19429 20259 21358 26460 29684 30458 31021
6 53 94 326 331 372 1368 1572 3010 3065 3076 3171 3513 4902 5120 5242 5633 5636 5860 5930 7579 8070 8180 10454 17888 18071 19585
6 53 170 230 231 232 327 372 706 763 1097 1563 1564 1599 2297 3010 4529 4530 4531 4557 4901 4902 4903 5493 5533 5534 5860 5934 7864 8236 8564 10338 10454 10844 11298 11351 11354 11355 11358 11359 11866 12599 14230 14993 14994 16544 16545 17428 18071
6 21 53 94 107 170 175 204 211 325 326 476 478 512 514 711 853 858 929 980 1019 1150 1254 1470 1476 1484 1572 1616 1617 1619 1621 1623 1625 1645 1648 2379 2382 2411 2412 2413 2517 2523 2637 2812 2969 3010 3056 3057 3060 4557 4609 4610 4652 4653 4682 4686 4863 4901 4902 4903 5090 5119 5120 5121 5123 5319 5337 5395 5397 5403 5404 5427 5447 5860 5934 6175 6258 6616 6617 6924 7762 8241 8242 8244 8245 8246 8758 8854 8860 9071 9072 9374 9754 10348 10896 12223 12279 12380 13049 13050 13051 13706 13707 13708 13709 13745 13834 13920 13922 13984 14774 17520 18104 19471 21358 21996 22322 24072 24073 24398 29095
6 44 71 94 138 141 170 325 326 327 408 409 1279 1281 1572 1825 1956 2604 3010 3065 4557 4686 4901 4902 4933 4945 4946 4947 4958 4964 4975 5119 5120 5121 5128 5129 5130 5150 5157 5158 5159 5160 5161 5165 5166 5167 5168 5170 5171 5251 5599 5712 5807 5860 5884 5885 5908 5934 6873 7188 7215 7216 7610 7611 7612 7614 7615 7616 7619 7620 7642 7645 7649 7650 7655 7656 7657 7660 7738 11525 13977 13980 13981 17636 18362 26261
170 1053 4557 4867
6 53 170 371 372 2633 3010 3065 3204 3861 4557 4686 4900 4901 4902 4932 4933 4935 5860 7572 10454 17819 18071
6 70 71 94 170 324 327 346 415 711 1572 1825 1994 2491 2604 3010 3042 3043 4557 4863 4901 4902 4903 5116 5121 5318 5320 5482 5534 5599 5807 5860 5934 7762 18104
6 17 19 53 94 99 138 170 206 280 325 326 330 331 346 349 371 372 379 476 619 625 639 644 646 649 650 653 656 711 912 1010 1013 1030 1245 1279 1281 1303 1563 1564 1572 1825 2604 2637 3010 3065 3076 3721 3722 3723 3724 3732 3736 3742 4557 4609 4610 4628 4682 4687 4774 4863 4901 4902 4903 4945 4958 5119 5120 5121 5242 5318 5319 5320 5345 5347 5348 5359 5367 5368 5377 5487 5599 5628 5633 5807 5860 5930 5934 6078 6094 6114 6668 7215 7579 7762 10348 10454 10746 10866 10867 13542 13745 16416 16417 18050 18071 18104
6 53 94 170 230 231 232 289 290 291 360 361 391 711 712 763 1087 1094 1097 1562 1563 1564 1565 3010 3043 3054 3065 3076 3184 3263 4301 4531 4532 4533 4534 4557 4686 4795 4813 4863 5377 6114 7762 8564 10348 10727 10844 11300 14227 14230 18071 18104 26545
6 71 94 138 170 325 326 327 1279 1281 1368 1572 1825 2604 3010 3065 3171 3513 4040 4557 4686 4902 5120 5121 5599 5807 5860 5909 5910 5911 5912 5916 5917 5934
53 170 175 204 280 296 711 719 723 724 912 1563 1564 3010 4557 4609 4610 4863 7762 13745 17865 18104 19913
6 170 175 178 357 4557 4605 4820 5938 5939 5940 10329 13552 14620 14734 15514
6 53 67 70 71 94 170 324 327 346 415 711 912 1563 1564 1572 1825 1994 2491 2604 3010 3042 3043 4557 4863 4901 4902 4903 5116 5121 5318 5320 5482 5534 5599 5807 5860 5934 6808 7762 18104
6 94 170 211 325 326 476 478 711 1572 4557 4609 4610 4682 4863 4901 4902 4903 5119 5120 5121 5319 5403 5404 5427 5860 5934 7762 8758 10348 12223 13745 17520 18104
6 53 60 170 230 231 232 237 386 763 1097 1102 1563 1564 1792 2411 2413 2812 3010 3065 3210 3211 3212 4557 4605 5043 5860 5938 5939 5940 5941 5942 6924 8539 8563 8564 8773 8887 9215 9272 9274 9444 12252 12253 13278 13964 14093 14094 14095 14097 14098 14486 14620 15785 18071 18124 18126 21358 28278 28282
6 94 170 1102 1572 4557 4605 4820 5042 5043 5860 5938 5939 5981 8151 10329 14620
6 53 71 73 94 113 116 139 170 230 231 232 327 372 706 763 839 1097 1563 1564 1572 1953 1956 2604 3010 3065 3077 3150 3338 3552 4529 4530 4531 4557 4605 4686 4901 4902 4933 5014 5060 5552 5554 5578 5579 5599 5807 5860 5934 7351 8564 10350 10454 10844 11714 14230 18071
6 94 170 175 305 325 326 466 471 473 474 476 478 492 1572 3010 4557 4609 4610 4652 4653 4863 4901 4902 4903 5119 5120 5121 5319 5414 5860 5934 13745 18104 19156 24400
53 170 217 1144 3010 4557 4558 12448
53 372 3010 4516 6915 10454 18071
6 53 66 67 70 71 94 170 175 324 327 346 415 416 711 912 1563 1564 1572 1825 1994 2491 2604 3010 3042 3043 4557 4653 4863 4901 4902 4903 5116 5121 5318 5320 5482 5534 5599 5807 5860 5934 6808 7762 10262 18104
6 53 67 70 71 94 170 324 327 346 372 415 711 912 1563 1564 1572 1825 1994 2491 2604 3010 3042 3043 4516 4557 4863 4901 4902 4903 5116 5121 5318 5320 5482 5534 5599 5807 5860 5934 6808 6915 7762 10454 18071 18104
6 44 94 185 237 344 345 346 347 941 1572 2604 3010 3065 3121 3537 4900 4901 4902 4903 4919 4920 4945 4946 4947 4958 4971 4975 5043 5049 5318 5320 5514 5516 5527 5531 5599 5705 5706 5724 5725 5751 5807 5860 5908 6078 6858 7213 7600 7601 7717 7719 7720 7721 7724 13004 16710 26951 26952
6 44 53 58 94 170 371 372 839 846 1572 1945 1953 1956 2604 2629 3010 3065 4557 4686 4901 4902 4933 5014 5028 5060 5516 5599 5705 5706 5807 5860 7442 10350 10454 10511 18071
6 53 170 280 912 1563 1564 1599 3010 3043 4557 5938 5939 7864 8236 10338 11298 11306 11308 11309 11342 11863 11866 12599 14620 14993 14994 16318 16403 16545 17330 17337 17344 17360 17428 18636 18639 18906 18929 25370 25374
6 94 170 183 427 428 436 439 521 522 524 1026 1572 1985 4557 4605 4610 4720 4721 4728 4748 4820 4863 5429 5860 5930 6052 6940 7579 10329 13331 13744 13745 14620 16803 18104 19869
6 53 75 94 327 332 371 372 1572 2633 3010 3065 3691 4902 5121 5623 5626 5627 5628 5633 5860 5930 5934 7579 10454 10741 16903 18071
6 44 53 70 71 94 114 117 138 324 325 326 327 372 839 1281 1572 1825 1945 1953 1956 2604 3010 3065 3343 3344 4515 4516 4902 4933 5014 5028 5060 5121 5599 5807 5860 5894 5895 5896 5934 6846 7598 7599 7605 10350 10454 18071 21688 21689 21690 21692
6 53 70 71 94 113 170 230 231 232 278 324 325 326 327 346 476 482 706 763 1097 1563 1564 1572 1825 1953 1994 2491 2604 3010 3065 3077 3994 3995 3997 4529 4530 4531 4557 4686 4901 4902 4903 4933 5014 5060 5116 5119 5120 5121 5318 5319 5320 5426 5427 5448 5449 5451 5482 5534 5599 5807 5860 5934 8564 10844 14230 17983 18071
